1295 282
1295 281
1295 287.5
1295.5 294
1297 299
1299 310
1301 315
1303 321
1307 331
1306 329
1315 339
1313.5 338
1315 342
1316 354
1317 359
1319 364
1320 372
1319.5 370
1320 375
1320 380
1320 385.5
1321 391.5
1322.5 398
1323 404
1324.5 412
1327 424
1329 433
1328.5 431
1330.5 437.5
1331 442.5
1331 457
1331 455.5
1331 463
1331 468
1332 483
1331.5 481.5
1333 486.5
1333 500
1333 507
1333 513
1334 520
1333.5 518.5
1334 526
1334 539
1334 538
1334 542
1334 555
1334 560
1334 568
1334 566
1334 583
1334 590
1336 598
1337 605
1338 611
1337.5 609.5
1338 627
1339 633
1340 641
1341 647
1342 653
1342 659
1342 657
1342 673
1343 681
1345 687
1348 694
1346.5 693
1348 698
1348 712
1348 719
1348 725
1349 732
1349 730.5
1349 738
1349 753
1349 751.5
1350 757
1350.5 764
1352 770.5
1353 775.5
1353 789
1353 794
1353 799
1353 805
1353 804
1353 809.5
1353 815
1353 820.5
1353 825
1353 830
1353 835
indices
