1294 283
1293.5 283
1297.5 283
1303 283
1309 284.5
1314 287
1318.5 289.5
1322 293.5
1325.5 297
1329.5 300.5
1333 304
1337 307
1340.5 310.5
1344 314.5
1346.5 319
1349 325
1350 330
1349 336
1346.5 345
1346 350
1346 356
1346.5 361
1348.5 367.5
1352 381
1351.5 379.5
1354.5 385.5
1355.5 391
1357.5 399
1361 413
1360.5 411.5
1363 416
1364.5 422
1366 432
1368.5 439.5
1370.5 445
1371 449
1371 457.5
1372 473
1371.5 471
1373.5 479
1374.5 485.5
1375 494
1375.5 502
1377.5 510
1378 517
1379 528
1382 543
1383 549
1383 548
1384 553
1384 560
1384 566
1384 571
1384 577
1382.5 583
1380.5 588
1378 594
1377 599
1377 604
1377 612
1377 621
1377 627
1377.5 632.5
1378 640.5
1378 647
1379 652.5
1380 657
1381 669
1381 678
1381 676.5
1381 682.5
1381.5 687
1383 703
1384 708
1384 715
1385 722
1385 720.5
1385 727
1385 733.5
1385 738.5
1385 744
1385 748
1385 754
1386.5 760
1387 767.5
1387 775
1387 781
1388 787
1388.5 791
1389 796
1389.5 801
1390.5 806
indices
