1297 282
1292 283
1294 282.5
1290 285.5
1285 288
1281 291
1277 294.5
1272.5 296.5
1266 300
1261.5 303
1257.5 306
1253.5 309.5
1250 314
1247 320
1244.5 325.5
1242 330
1241 336
1240 341.5
1240 346
1240.5 351
1241.5 356
1240.5 368
1237 381
1237 390
1237 388
1237 394.5
1237 402
1236.5 407
1236 420
1236 418.5
1236 424
1236 430
1236 435
1236 441
1236 446
1236 457
1236 466
1236 473
1237.5 478
1239 483
1240 488
1240 499
1241 512
1242 518
1242 516.5
1242.5 521
1243.5 526
1244 533
1244 540
1244.5 545
1246 551.5
1247.5 558
1248.5 564
1249 580
1249 578
1249 584
1249 589.5
1249 594
1249 601
1249 606.5
1249 612
1249.5 617.5
1250.5 623
1252 628
1253.5 633
1254 640
1254 647
1254 652
1253.5 657
1253 662
1253 668
1253 673
1253 680.5
1252.5 686.5
1251.5 691.5
1251 697
1251 704
1251 709
1251 715
1251 719.5
1251 726
1251 732
1251 737.5
1251 742
1251.5 748
1252 754
1252 759.5
1252 764.5
1252.5 770
1254.5 776
1255 781
1255 786
1255 791
1255 797
1255 803
1254.5 808
1254 813
1254 818
1254 824.5
1254 830.5
1254 835
1254 841.5
indices
