1285 287
1286 286.5
1283.5 290.5
1281.5 295
1279.5 301
1278.5 306
1277 312
1275 317
1273.5 322
1271.5 328
1270 334
1269.5 339
1268 344
1268 349
1268 354
1268 359.5
1266.5 365
1266 371
1266 376
1266 381.5
1266 387
1266 393
1266 398
1266 403.5
1265 408.5
1264.5 413
1264 419
1264 424.5
1264 429
1264 434
1264 440
1264 445
1264 451
1264 457
1264 461
1264.5 466
1265.5 471
1266 476.5
1268 481.5
1268 486
1268 493
1268 498
1268 503
1268 508.5
1268.5 516
1269.5 521
1270 528
1270.5 536
1271.5 542.5
1273.5 549
1274 555.5
1274 563
1274 569
1274 575
1274.5 580
1275 585
1275 591
1275 596.5
1276 602
1276 608
1276 616
1276.5 623.5
1277.5 629.5
1279 634
1280 650
1279.5 648.5
1280.5 656
1281.5 662
1283 668
1285 673
1285.5 678
1287 683.5
1289 699
1289 697
1290.5 705
1291.5 710
1292.5 715
1295 720
1296.5 726
1297.5 731
1298.5 736
indices
