762 454
622 712
767 648
933 430
999 521
918 600
1144 133
1107 372
1271 432
1391 246
1359 409
1554 406
1697 236
1660 388
1826 388
1743 533
1600 527
1425 553
1270 589
1094 482
1067 769
882 743
732 813
780 977
963 881
1147 812
1277 722
1431 734
1619 730
1787 708
indices
1
2
0
0
2
5
5
0
3
3
5
4
4
3
7
7
3
6
6
7
8
8
6
10
10
6
9
9
10
11
11
9
13
13
9
12
12
13
14
1
2
22
2
5
21
5
4
20
4
7
19
7
8
18
8
10
17
11
13
16
13
14
15
11
17
10
11
17
16
13
16
15
17
8
18
18
7
19
19
4
20
20
5
21
21
2
22
22
23
24
24
21
22
21
20
24
24
20
25
