430 858
430 856.5
428.5 862.5
428 869
426.5 875
424.5 880.5
423.5 885
422 890
420 895
418 900.5
415.5 906
413.5 912
412 917
409.5 922
407 927.5
405 932.5
404 937
402.5 942
402 947
402 952.5
402 957
401.5 964
399.5 970
398.5 976
398 982
398 987
398 992
398 999
398 1005
398.5 1010.5
399 1015.5
400 1020.5
400 1025
402.5 1032.5
405 1039
408 1044
410 1049
412.5 1054
415 1059
416.5 1064
420 1071.5
423.5 1076.5
427 1081.5
430 1087
433.5 1090.5
436.5 1094.5
447 1108
445.5 1106.5
449.5 1110
455 1115
459.5 1118.5
464 1122
468 1125
473 1127
477 1130
481.5 1132.5
486 1135
