433 858
439 858
437.5 858
451 858
449.5 858
456.5 858
464 858
470 858
475.5 858.5
480.5 859
488 859.5
494 861.5
500 863
506 865.5
511 867
516 868.5
522 870
528 872
532 874
537 875
542 877
546 880.5
549 884
552.5 887
556.5 890
559.5 893.5
564.5 896
568.5 900
572.5 903.5
576 907.5
580 911
584.5 914.5
588 919.5
597 931
595.5 929.5
599 933.5
602 937.5
605 941.5
607 946
609 951
611 956
614 962
615 967.5
616.5 972
618 977
619 982
619.5 988
620.5 993.5
622.5 998
624 1003
625 1009
626 1014
626 1018
626 1023
626 1029
626 1035
626 1040
624.5 1045
623 1050.5
621.5 1055
619.5 1060
618 1065
