434 863
434 861.5
434 866.5
434 873
434 885
434 883
434 890
434 896.5
434 902
434 909.5
434 916
434 921
434 927
434 931
434 936.5
435 941.5
437 947
439.5 953.5
440.5 959
442.5 964
443.5 969
444.5 975.5
445.5 982
449 988
451 993.5
454 999
456 1004
458 1009
460 1015
464 1022.5
467 1028
468.5 1034
472 1043
476 1050.5
480.5 1056.5
483.5 1061.5
486.5 1065
489.5 1069.5
493.5 1074.5
498.5 1079.5
503.5 1084
507.5 1087
511.5 1091
515.5 1095.5
524 1104
528 1110
527 1108.5
531 1112
534 1115.5
537.5 1119.5
543 1123
547 1126
552 1128
