434 858
432.5 858
438 858.5
443.5 860.5
447.5 863.5
454 867
458.5 869.5
462.5 873
468 875
472.5 878.5
476.5 882
480.5 885.5
485.5 888.5
489.5 890.5
493.5 895.5
497.5 899.5
500.5 903.5
504 908
507 913
511 917
514 922
521 934
520 933
523 937.5
526 941.5
529 945.5
532 950
535 955
538 959.5
540 965
542 970
545 976.5
547 981.5
548.5 988
551 994
553 1000
556 1006.5
559 1012
560.5 1017
561.5 1022
562.5 1027.5
563 1033
563.5 1039.5
564 1044
565 1050
566.5 1055.5
567 1061
567 1066.5
567 1072
567 1077
568 1083
569.5 1088
570.5 1093
571.5 1098
573.5 1104
574 1109
574 1114
