429 854
427.5 854
433 854
439 854
445 854
450 854
455 853.5
461 851.5
468 850
473 848.5
478.5 847.5
483 847
488 847
493.5 847
498.5 847
503 847.5
508 848.5
513 850.5
518 851.5
523 852.5
528 853.5
533 854.5
538 855
543.5 856.5
548 858.5
553 859.5
558 861.5
562 864
568 866
572.5 869
576.5 871.5
580.5 874.5
584.5 878.5
588 883
592 886.5
595 890.5
598.5 893.5
601.5 898
605.5 901.5
610.5 905.5
613.5 909.5
616.5 913.5
620 917
623.5 921.5
625 926.5
627.5 932.5
631 939
634 944.5
635.5 949
637.5 954
639 959
640.5 964
641.5 969
643.5 975
644 980
644.5 985
645 990
645.5 995
646.5 1000
