431 858
431.5 857
429 860.5
427 865.5
423.5 870
420.5 874.5
418 880
415 885
412 890
410 895.5
407 899.5
404 903.5
402 908
399 913
397.5 918
396 924
394 929
390 935
388.5 940
387.5 945
386 950
384 956
382 961
380.5 966
379.5 971
378.5 976
377.5 981
377 986
377 991.5
377 997.5
377 1002
377 1007
377 1012
377 1017
377 1022.5
378 1028
379 1034.5
379.5 1042.5
381 1047.5
382.5 1052
383.5 1057
385.5 1062
388 1067
391.5 1071.5
393.5 1076.5
395 1081
397.5 1086
400.5 1090.5
403.5 1094.5
407 1099.5
410 1104
412 1109
415.5 1112.5
418.5 1116.5
423 1119.5
427 1122
432.5 1124.5
437 1126.5
442 1127.5
446.5 1129.5
451 1132
