431 858
431 859
431 869
431 875
430.5 881
429.5 886.5
427.5 892
426 897
424.5 902.5
423 908
421.5 914
420.5 919
419.5 924
419 930
419 935
419 940
419 945
419 951
418 958
417 964
417 969
417 974
417 979.5
417.5 989.5
417.25 987.25
421.5 1001.5
423 1007
426 1012
427.5 1017.5
430 1023.5
434 1027
436.5 1031.5
442 1040
441 1037.75
447 1051
449 1056.5
455 1064.5
453.5 1062.75
461 1073
463 1078.5
466 1084
469 1088.5
473.5 1094
477 1098
480.5 1102.5
484.5 1107.5
488.5 1111.5
493 1115
498 1117
504 1119.5
509 1122.5
514 1125
520 1127.5
525 1128.5
530 1130.5
535 1132
540 1133.5
430 860
430 858
430 864
430 869
430 874
430 879
430 884
430 889
430 894
430 899
430 904
430.5 909
432 915
434.5 921
435 926.5
435.5 932
