433 860
431.5 860
436.5 860
444 860
451 861.5
457 863.5
463 866
468 869
473 871
479 872.5
484 873.5
489 875
494 877
501.5 879.5
506.5 882
511 884
515.5 887
520 889
525 891.5
529.5 894
534.5 897.5
540 901
542.5 905.5
546 914
549 917
552 921.5
555 925
557 930
560 935
563 939
566 943.5
568 948
570.5 954
573 959
575.5 964.5
578 968.5
581 972.5
583 978
584.5 983
587 989
588.5 994.5
589.5 1000.5
590 1005
591 1011.5
594.5 1018.5
595.5 1023.5
598 1028.5
600 1033
601 1038
601 1043.5
601 1048
601 1054
601 1060
601 1066
601 1071
601 1076.5
601 1081.5
601 1087
601 1093
600 1100
600 1105.5
600 1111
